--!strict
--[[ In progress (75%)
 Preview of FA_SYNC in main function, subject to change.
 Identical to VF-V2
--]]

  local sussy = {{2,0,3,0,0,0,0,1,0,2,0,3,0,4,0,5,3,0,3,0,3,1,3,2,3,3,3,4,3,5,2,5,3,5},{-1,1,0,0,0,1,0,2,0,3,0,4,0,5},{-1,1,0,0,1,0,2,1,2,2,1,3,0,4,-1,5,0,5,1,5,2,5},{0,0, 1.5,0, 1.5,1, 1.5,2, 1.5,3, 0.25,2.5, 1.5,4, 1.5,5, 0,5},{0,0,0,1,0,2,0,3,1,3,2,3,3,3,3,1,3,2,3,0,3,3,3,4,3,5},{0,2, 0,0, 2,0, 3,0, 0,1, 1,2, 2,3, 3,3, 3,4, 3,5, 2,5, 1,5, 0, 5},{0,0,0,1,0,2,0,3,0,4,0,5,3,0,3,3,3,4,3,5,1,0,2,0,3,0,1,5,2,5,3,5,1,3,2,3},{0,0,1,0,2,0,3,0,3,1,3,2,2,3,2,2,1,4,1,5},{0,0,0,1,0,2,0.5,3,0,4,0,5,3,0,3,1,3,2,2.5,3,3,4,3,5,1,0,2,0,3,0,1,5,2,5,3,5,1,3,2,2},{0,0,0,1,0,2,0,3,0,5,3,0,3,1,3,2,3,3,3,4,1,0,2,0,3,0,1,5,3,5,1,3,2,2}}

  local baka = {
      {0.5,0, 1,0, 2,0, 2.5,0, 1.5,2, 0,1 ,0,2, 0,3, 0,4, 3,1, 3,2 ,3,3, 3,4},

      {2.5,0, 1,0, 0,0, 1.5,2, 0,1, 0,2, 0,3, 0,4, 3,1, 3,2, 3,3, 2.5,4, 1,4},

      {0,0, 0,1, 0,2, 0,3, 0,4, 2,0, 3,0, 2,4, 3,4},

      {0,0, 0,1, 0,2, 0,3, 0,4, 1,0, 2,0, 3,1, 3,2, 3,3, 1,4, 2,4},

      {3,0, 2,0, 1,0, 0,0, 0,1, 0,2, 1,2, 2,2, 0,3, 0,4, 1,4, 2,4, 3,4},

      {2,0, 0,0, 0,1, 0,2, 2,2, 0,3, 0,4, 3,0},

      {0,0, 0,1, 0,2, 0,3, 0,4, 1,0, 2,0, 3,0, 1,4, 2,4, 3,4, 3,2, 2.5,2, 3,3},

      {0,0, 0,1, 0,2, 0,3, 0,4, 1.5,2, 3,0, 3,1, 3,2, 3,3, 3,4},

      {1,0, 1.5,1, 1.5,2, 1.5,3, 1.5,4, 0,0, 2,0, 3,0, 0,4, 1,4, 2,4, 3,4},

      {0,0, 1,0, 1.5,1, 1.5,2, 1.5,3, 1.5,4, 2,0, 3,0, 0,4, 1,4},

      {0,0, 0,1, 0,2, 0,3, 0,4, 2,2, 3,1, 3,0,3 ,3, 3,4},

      {0,0, 0,1, 0,2, 0,3, 0,4, 1,4, 2,4},
      
      {-2,1, -2,2, -2,3,- 2,4, -2,0, -0.5,1, 1,2, 2.5,1, 4,0, 4,4, 4,3, 4,2, 4,1},

      {0,0, 0,1, 0,2, 0,3, 0,4, 1.5,1, 3,2, 4,0, 4,1, 4,2, 4,3, 4,4},

      {0,0, 0,1, 0,2, 0,3, 0,4, 2,4, 3,4, 3,3, 3,2, 3,1, 3,0, 2,0},

      {1,2, 2,2, 3,1, 3,2, 3,0, 2,0, 1,0, 0,0, 0,1, 0,2, 0,3, 0,4},

      {0,0, 0,1, 0,2, 0,3, 0,4, 3,0, 3,0, 3,1, 3,2, 3,3, 3,4, 2,0, 3,0, 2,4, 3,4, 4,4},

      {0,0, 0,1, 0,2, 0,3, 0,4, 1,0, 2,0, 3,0, 3,1, 3,2, 2,2, 1,2, 2,3, 3,4},
      
      {3,0, 2,0, 1,0, 0,0, 0,1, 0,2, 2,2, 3,2, 3,3, 3,4, 2,4, 1,4, 0,4},

      {0,0, 1,0, 2,0, 3,0, 1.5,1, 1.5,2, 1.5,3, 1.5,4},

      {0,0, 0,1, 0,2, 0,3, 0,4, 2,4, 3,4, 3,4, 3,3, 3,2, 3,1, 3,0},

      {0,0,0,1,0.25,2,0.25,3,1.5,4,2.75,3,2.75,2,3,0,3,1},

      {-1.75,0,-1.75,1,-1.75,2,-1.75,3,-1.25,4,.75,3,2.25,4,3.25,3,3.25,2,3.25,1,3.25,0},

      {0,0, 0,1, 0,3, 0,4, 1.5,2, 3,0, 3,1, 3,3, 3,4},

      {-.25,0, -.25,1, -.25,1.6, 3.25,0, 3.25,1, 3.25,1.6, 1.5,2, 1.5,3, 1.5,4, 1.5,4.5},

      {0,0, 1,0, 2,0, 3,0, 3,1, 2,2, 1,3, 0,4, 1,4, 2,4, 3,4}}

 local function FA_SYNC()
      local a={task.wait,task.delay}
      local b=a[1]
      local c=game:GetService("Players").LocalPlayer;
      local d,e=pcall(function()
          local f=Instance.new("BindableEvent")
          local g=f;
          local h={}
          local function i(j,k)
              local l;
              while workspace.Name=="Workspace"do
                  b(ROBLOX_CLIENT_NETWORK_MAX)
                  f:Fire()
              end;
              assert(#h~=0,"Failed to start syncAPI.")
              for m,n in pairs(h)do
                  n:Disconnect()
              end
         end;
         local function o(p,q)
             local r=coroutine.create(i)
             coroutine.resume(r,p,q)
         end;
         o(i,"1","2")

         local function t(j,k)
             local l;l=f.Event:Connect(function()
                 if workspace.Name~='Workspace' then
                     l:Disconnect()
                 else j.Parent=c.Character;
                     b(ROBLOX_CLIENT_NETWORK_MAX)
                     j.Parent=c.Backpack
                 end
             end)
         end;
         
         local function u(p,q)
             local r=coroutine.create(t)
             coroutine.resume(r,p,q)
         end;
         local v={}
         local w,x=Instance.new('BindableEvent',script),nil;
         v.__index=v;
         
         function v.SyncAPI(y)
             local z;
             local self=setmetatable({},v)
             z=w.Event:Connect(function(A)u(y,A)end)
                 table.insert(h,z)
         end;

         for B,C in pairs(c.Backpack:GetChildren())
              do if C:IsA('Tool')and C.Name=="UwU"then
                  v.SyncAPI(C)
              end
         end;
         w:Fire(s)
      end)
  end
